Iteration	    Time[s]                  Time	Facet        0	Facet        1	Facet        2	Facet        3	Facet        4	Facet        5	Facet        6
        0	          0                    0s	             0	     764509837	             0	             0	             0	             0	             0
        1	 5.5157e-05                    0s	             0	     764509836	             0	             0	             0	             0	             0
        2	0.000140737                    0s	             0	     764509834	             0	             0	             0	             0	             0
        3	 0.00027352                    0s	             0	     764509830	             0	             0	             0	             0	             0
        4	0.000479543                    0s	             0	     764509824	             1	             1	             1	             1	             1
        5	0.000799202                    0s	             0	     764509815	             2	             2	             2	             2	             2
        6	 0.00129518                    0s	             0	     764509800	             5	             5	             5	             5	             5
        7	 0.00206471                    0s	             0	     764509777	             9	             9	             9	             9	             9
        8	  0.0032587                    0s	             0	     764509740	            16	            16	            16	            16	            16
        9	 0.00511127                    0s	             0	     764509683	            27	            27	            27	            27	            27
       10	 0.00798565                    0s	             0	     764509594	            44	            44	            44	            44	            44
       11	  0.0124454                    0s	             0	     764509456	            71	            71	            71	            71	            71
       12	  0.0193651                    0s	             0	     764509241	           113	           114	           114	           114	           113
       13	  0.0301015                    0s	             0	     764508908	           179	           180	           180	           180	           179
       14	  0.0467598                    0s	             0	     764508390	           282	           283	           283	           283	           282
       15	  0.0726063                    0s	             0	     764507587	           442	           443	           444	           443	           442
       16	   0.112709                    0s	             0	     764506340	           692	           692	           692	           693	           690
       17	   0.174931                    0s	             0	     764504405	          1079	          1079	          1079	          1080	          1075
       18	   0.271473                    0s	             0	     764501403	          1677	          1679	          1679	          1682	          1675
       19	   0.421265                    0s	             0	     764496745	          2609	          2610	          2610	          2612	          2606
       20	   0.653677                    1s	             0	     764489518	          4052	          4056	          4056	          4057	          4051
       21	   0.886089                    1s	             0	     764482291	          5496	          5501	          5501	          5503	          5496
       22	     1.1185                    1s	             0	     764475064	          6940	          6946	          6946	          6949	          6941
       23	    1.35091                    1s	             0	     764467837	          8384	          8391	          8391	          8394	          8386
       24	    1.58333                    2s	             0	     764460610	          9828	          9836	          9837	          9839	          9831
       25	    1.81574                    2s	             0	     764453383	         11272	         11281	         11282	         11284	         11277
       26	    2.17634                    2s	             0	     764442170	         13512	         13524	         13525	         13526	         13519
       27	    2.53695                    3s	             0	     764430957	         15753	         15766	         15768	         15768	         15762
       28	    3.09645                    3s	             0	     764413560	         19228	         19245	         19248	         19250	         19242
       29	    3.96456                    4s	             0	     764386567	         24624	         24643	         24646	         24648	         24643
       30	    5.31148                    5s	             0	     764344688	         32991	         33023	         33024	         33025	         33018
       31	    7.40134                    7s	             0	     764279714	         45971	         46008	         46027	         46035	         46011
       32	    10.6439                   11s	             0	     764178913	         66113	         66160	         66207	         66192	         66179
       33	     15.675                   16s	             0	     764022543	         97359	         97413	         97512	         97486	         97449
       34	     23.481                   23s	             0	     763779990	        145810	        145956	        146003	        146069	        145932
       35	    35.5926                   36s	             0	     763403813	        221008	        221147	        221341	        221254	        221196
       36	    54.3846                   54s	             0	     762820520	        337744	        337843	        337992	        337867	        337792
       37	    83.5418               1min24s	             0	     761916428	        518072	        518669	        518849	        518745	        518992
       38	    128.781               2min 9s	             0	     760515871	        798330	        799547	        798812	        798554	        798638
       39	    198.973               3min19s	             0	     758348092	       1229713	       1234232	       1233224	       1232912	       1231578
       40	    307.881               5min 8s	             0	     754997645	       1898287	       1903362	       1904854	       1903199	       1902402
       41	     476.86               7min57s	             0	     749830629	       2929946	       2938141	       2938488	       2935926	       2936617
       42	    739.041              12min19s	             0	     741887017	       4510133	       4528022	       4534795	       4519928	       4529850
       43	    1145.83              19min 6s	             0	     729737258	       6926784	       6959172	       6970532	       6955229	       6960768
       44	       1777              29min37s	             0	     711302139	      10585715	      10641683	      10675786	      10642759	      10661659
       45	    2756.31              45min56s	             0	     683677341	      16077218	      16187429	      16190836	      16187722	      16189193
       46	    4275.76            1h11min16s	             0	     643045878	      24196668	      24307725	      24325334	      24327010	      24307122
       47	    6633.31            1h50min33s	             0	     585061591	      35593366	      35935640	      35925983	      36004942	      35988214
       48	    10291.2            2h51min31s	             0	     506117991	      51108374	      51856544	      51760654	      51888386	      51777786
       49	    15966.7            4h26min 7s	             0	     406462513	      70544996	      71840251	      71913314	      72052992	      71695667
       50	    24772.6            6h52min53s	             0	     294790176	      92514565	      94265943	      94073105	      94701222	      94164721
       51	    38435.6           10h40min36s	             0	     193161071	     112350699	     114854512	     114562912	     114686564	     114893972
       52	    59634.7           16h33min55s	             0	     133821787	     125041900	     126738462	     126583533	     126419794	     125904253
       53	    81759.3           22h42min39s	             0	     127972233	     127294557	     127621002	     127812007	     127443976	     126365952
       54	     103884         1d 4h51min24s	             0	     126902346	     127798273	     127217758	     126592770	     127863513	     128135068
       55	     126008         1d11h      8s	             0	     127766033	     127875678	     126908135	     126992021	     127241550	     127726311
       56	     148133         1d17h 8min53s	             0	     127091163	     127689648	     126842957	     126903759	     127796926	     128185277
       57	     170258         1d23h17min38s	             0	     127760953	     127223648	     126947569	     127375194	     126616301	     128586064
       58	     192382         2d 5h26min22s	             0	     128777363	     126754408	     127811435	     126829682	     127455295	     126881545
       59	     214507         2d11h35min 7s	             0	     127148804	     126697965	     127728430	     127420677	     128336808	     127177042
       60	     236631         2d17h43min51s	             0	     127351671	     127105284	     126390775	     127211471	     127642623	     128807903
       61	     258756         2d23h52min36s	             0	     126147687	     128151750	     127056459	     127440214	     127530306	     128183311
       62	     280880         3d 6h 1min20s	             0	     127426606	     127308266	     127068782	     127151294	     127872629	     127682150
       63	     303005         3d12h10min 5s	             0	     127626393	     127717355	     127422148	     126872679	     127547804	     127323348
       64	     325130         3d18h18min50s	             0	     128087160	     127255229	     127091864	     128420802	     126425109	     127229564
       65	     347254         4d   27min34s	             0	     127316704	     128086833	     126848634	     127567457	     127913028	     126777074