Iteration       Time[s]                  Time	Facet--------------0	Facet--------------1	Facet--------------2	Facet--------------3	Facet--------------4	Facet--------------5
        0             0                    0s	                   0	                   0	                   0	                   0	                   0	                   0
        1         1e-07                    0s	          3.3006e+24	         1.62243e+23	         1.14253e+21	          1.6775e+19	         1.60809e+19	         1.60023e+19
        2   2.07337e-07                    0s	         3.30118e+24	         1.61704e+23	          1.1238e+21	         1.44983e+19	          1.9632e+19	         1.62875e+19
        3   3.31433e-07                    0s	         3.29628e+24	         1.62195e+23	         1.16941e+21	         1.73605e+19	          2.2721e+19	         3.51433e+19
        4   6.08459e-07                    0s	         3.29978e+24	         1.62282e+23	         1.22041e+21	         3.97695e+19	         4.29766e+19	         4.02926e+19
        5   9.53745e-07                    0s	         3.30137e+24	         1.62714e+23	         1.12455e+21	         5.04782e+19	         5.71732e+19	         5.74438e+19
        6   3.99548e-06                    0s	          3.3016e+24	         1.62027e+23	         1.52706e+21	         4.77821e+20	         5.03324e+20	         4.89069e+20
        7    2.1687e-05                    0s	         1.20332e+24	          1.6207e+23	         3.31916e+21	         1.77482e+21	         1.78679e+21	         1.75109e+21
        8   9.91551e-05                    0s	         6.76213e+21	         1.62979e+23	         2.07336e+21	         5.72863e+20	         5.88753e+20	         5.84002e+20
        9    0.00037526                    0s	         8.34412e+21	          1.1019e+23	         5.50812e+21	         1.86051e+21	          1.9003e+21	         1.87183e+21
       10    0.00121727                    0s	         7.06484e+21	         1.21125e+21	         3.27552e+21	         4.97318e+20	         5.60474e+20	         5.62811e+20
       11       0.00349                    0s	         5.89529e+20	          9.8921e+20	         1.66773e+21	         1.06626e+20	         1.86903e+20	         1.87949e+20
       12    0.00905122                    0s	         4.70366e+20	         5.00082e+20	         1.42882e+21	         7.45604e+19	         1.57427e+20	         1.57779e+20
       13     0.0216061                    0s	         5.22521e+20	         5.50527e+20	          1.4495e+21	         9.46894e+19	         1.77882e+20	         1.77636e+20
       14     0.0481051                    0s	         5.54437e+20	         5.80833e+20	         1.46094e+21	         1.06618e+20	         1.88791e+20	         1.88812e+20
       15      0.100933                    0s	         1.15252e+20	          1.2159e+20	         2.75426e+20	         2.53273e+19	         3.82564e+19	         3.82123e+19
       16      0.201218                    0s	         9.49596e+16	         1.35708e+17	         1.31552e+17	         8.46854e+16	         3.22214e+16	         3.22497e+16
       17      0.383665                    0s	         5.03711e+16	         8.46718e+16	         5.70653e+16	         7.46932e+16	         1.94569e+16	         1.94487e+16
       18      0.703464                    1s	         4.22262e+16	         5.85076e+16	          4.4229e+16	         7.23813e+16	           1.591e+16	         1.58607e+16
       19       1.24588                    1s	         3.60657e+16	         3.89277e+16	         3.45353e+16	         7.05201e+16	         1.31455e+16	         1.31592e+16
       20       2.13938                    2s	          3.3545e+16	         3.09562e+16	         3.01609e+16	         7.06011e+16	         1.19423e+16	         1.19106e+16
       21       3.57316                    4s	         3.38503e+16	          3.0963e+16	         2.99087e+16	          7.2809e+16	         1.19493e+16	         1.19651e+16
       22        5.8203                    6s	         3.49839e+16	         3.31735e+16	         3.08228e+16	         7.64291e+16	         1.23117e+16	           1.232e+16
       23       9.26785                    9s	          3.6165e+16	         3.54836e+16	         3.17906e+16	         7.96377e+16	         1.26701e+16	         1.26773e+16
       24       14.4554                   14s	         3.75195e+16	         3.70454e+16	         3.25359e+16	         8.23539e+16	         1.29639e+16	          1.2977e+16
       25        22.124                   22s	         3.78509e+16	         3.83546e+16	          3.3096e+16	         8.42752e+16	         1.31876e+16	         1.31672e+16
       26       33.2776                   33s	         3.83084e+16	         3.89946e+16	         3.34205e+16	          8.5814e+16	         1.33407e+16	         1.33481e+16
       27        49.259                   49s	         3.85486e+16	         3.97007e+16	         3.36775e+16	         8.65401e+16	         1.33934e+16	         1.34229e+16
       28       71.8439              01min12s	         3.88235e+16	          4.0154e+16	         3.37851e+16	         8.73902e+16	         1.34868e+16	         1.34943e+16
       29       103.355              01min43s	         3.89288e+16	         4.01818e+16	         3.38517e+16	         8.76795e+16	         1.34914e+16	         1.35624e+16
       30       146.802              02min27s	         3.90546e+16	         4.05819e+16	         3.40584e+16	         8.79112e+16	         1.35481e+16	         1.35611e+16
       31       206.046              03min26s	         3.90032e+16	         4.05161e+16	         3.37955e+16	         8.80046e+16	         1.35578e+16	         1.35746e+16
       32       286.002              04min46s	         3.91295e+16	         4.08139e+16	         3.42168e+16	         8.83906e+16	         1.36273e+16	         1.36281e+16
       33       392.873              06min33s	         3.91974e+16	         4.06508e+16	         3.38889e+16	         8.86043e+16	         1.35903e+16	         1.36148e+16
       34       534.431              08min54s	         3.93815e+16	         4.09001e+16	         3.42256e+16	         8.86024e+16	         1.36294e+16	         1.36107e+16
       35       720.346              12min---	         3.89425e+16	          4.0735e+16	         3.34878e+16	         8.86104e+16	         1.35535e+16	         1.35286e+16
       36        962.57              16min03s	         3.94154e+16	         4.10716e+16	         3.45896e+16	         8.87615e+16	          1.3664e+16	         1.37371e+16
       37       1275.78              21min16s	         3.89783e+16	         4.06864e+16	          3.3239e+16	         8.82446e+16	         1.35473e+16	         1.35608e+16
       38       1677.91              27min58s	         3.94237e+16	         4.11588e+16	         3.46136e+16	         8.90614e+16	          1.3734e+16	         1.36972e+16
       39       2190.73              36min31s	         1.23317e+16	          1.2839e+16	         1.05639e+16	         2.79096e+16	         4.28197e+15	         4.29857e+15
       40       2840.52              47min21s	         6.59153e+13	         6.88502e+13	         1.31224e+14	         6.58471e+13	         2.22869e+13	         2.23168e+13
       41       3658.91           01h-----59s	           3.129e+12	         3.26205e+12	         6.19429e+12	         3.12709e+12	         1.06275e+12	         1.06114e+12
       42       4683.72           01h18min04s	         2.79978e+12	         2.90289e+12	         5.49506e+12	         2.79005e+12	         9.52293e+11	         9.49902e+11
       43       5959.98           01h39min20s	         2.44065e+12	         2.54777e+12	         4.76306e+12	         2.44215e+12	         8.31561e+11	         8.31808e+11
       44       7541.13           02h05min41s	         2.07203e+12	         2.16542e+12	         4.03086e+12	         2.07718e+12	         7.06919e+11	         7.10597e+11
       45       9490.27           02h38min10s	         1.71391e+12	         1.79208e+12	         3.30618e+12	         1.72548e+12	         5.87464e+11	         5.87972e+11
       46       11881.7           03h18min02s	         1.37208e+12	         1.43724e+12	         2.63015e+12	         1.38039e+12	         4.72033e+11	         4.71575e+11
       47       14802.3           04h06min42s	         1.05855e+12	         1.10754e+12	         2.02091e+12	         1.06645e+12	           3.634e+11	          3.6439e+11
       48         18354           05h05min54s	         7.82995e+11	         8.17848e+11	         1.48651e+12	          7.8768e+11	         2.69571e+11	         2.69888e+11
       49         22655           06h17min35s	         5.48968e+11	          5.7533e+11	         1.04188e+12	         5.55108e+11	         1.89428e+11	         1.90121e+11
       50       27842.8           07h44min03s	         3.65541e+11	         3.81953e+11	         6.89508e+11	         3.67947e+11	         1.25712e+11	         1.25941e+11
       51       34076.3           09h27min56s	         2.26541e+11	         2.35618e+11	         4.25999e+11	         2.27283e+11	         7.81075e+10	         7.78954e+10
       52       41538.8           11h32min19s	         1.28845e+11	         1.34079e+11	         2.42831e+11	         1.29536e+11	         4.42967e+10	         4.43634e+10
       53       50441.2           14h-----41s	         6.61442e+10	         6.92247e+10	         1.25384e+11	         6.66851e+10	         2.28557e+10	         2.28463e+10
       54       61025.4           16h57min05s	          3.0308e+10	         3.17881e+10	         5.76513e+10	         3.05087e+10	         1.05058e+10	         1.04596e+10
       55       73568.1           20h26min08s	         1.21461e+10	         1.26444e+10	         2.31267e+10	         1.22135e+10	         4.17265e+09	         4.16594e+09
       56       88385.1        01d---33min05s	         4.12426e+09	         4.30412e+09	         7.90045e+09	         4.13829e+09	         1.41209e+09	          1.4106e+09
       57        105836        01d05h23min56s	         1.15881e+09	         1.20914e+09	         2.23301e+09	         1.16243e+09	         3.95771e+08	         3.95383e+08
       58        126328        01d11h05min28s	         2.62509e+08	         2.74354e+08	         5.06082e+08	         2.62518e+08	         8.92688e+07	         8.95865e+07
       59        150325        01d17h45min25s	         4.60158e+07	         4.79135e+07	         8.93868e+07	         4.60525e+07	          1.5837e+07	         1.56811e+07
       60        178350        02d01h32min30s	         6.06471e+06	          6.3366e+06	         1.18515e+07	         6.08024e+06	          2.0726e+06	         2.06731e+06
       61        210991        02d10h36min31s	              590126	              615700	         1.14056e+06	              606062	              210665	              200570
       62        248915        02d21h08min35s	             54108.6	             56364.1	             88587.9	             69164.3	             28555.3	             17832.6
       63        292866        03d09h21min06s	             18341.2	             19043.1	             17636.5	             32112.5	             16432.7	             5654.69
       64        343683        03d23h28min03s	               16764	             17412.1	             14665.3	               30467	             15874.4	             5151.89
       65        402302        04d15h45min02s	               16716	             17399.6	             14723.1	             30379.8	             15826.7	             5132.28
       66        469770        05d10h29min30s	             16691.1	             17393.5	             14863.2	             30355.7	             15813.1	             5130.33
       67        547257        06d08h-----57s	               16704	             17384.3	             14972.5	             30403.7	             15844.3	             5103.17
       68        636063        07d08h41min03s	             16744.4	               17396	             15053.9	             30490.4	             15785.4	             5117.67
       69        737634        08d12h53min54s	             16731.8	             17454.4	             15134.9	             30508.9	             15816.9	              5119.3
       70        853577        09d21h06min17s	             16660.6	             17399.2	             15260.2	             30374.7	             15875.3	             5120.32
       71        985672        11d09h47min52s	             16705.9	             17429.9	             15281.3	             30428.1	             15851.9	             5117.61
       72   1.13589e+06        13d03h31min28s	             16674.7	             17399.6	             15378.7	             30395.9	             15865.8	             5105.49
       73    1.3064e+06        15d02h53min22s	             16734.7	             17424.3	             15409.4	             30422.3	             15831.2	             5115.45
       74   1.49962e+06        17d08h33min38s	               16726	             17391.3	             15459.4	             30393.8	             15827.9	              5099.8
       75   1.71818e+06        19d21h16min22s	             16698.1	             17412.7	             15512.4	             30432.3	             15862.7	             5112.51
       76   1.96501e+06        22d17h50min10s	             16697.1	             17374.6	               15513	             30457.1	             15817.7	              5105.5
       77    2.2433e+06        25d23h08min23s	             16687.8	             17403.8	             15578.3	             30395.9	             15827.8	             5117.28
       78   2.55658e+06        29d14h09min39s	             16758.7	             17405.4	               15558	             30479.4	             15813.5	             5102.13
       79   2.90869e+06    01mo03d15h58min14s	               16745	             17430.9	             15603.1	             30396.7	             15844.4	             5085.18
       80   3.30387e+06    01mo08d05h44min30s	             16741.5	               17385	             15619.6	             30398.8	             15847.8	             5096.24
       81   3.74673e+06    01mo13d08h45min26s	             16730.9	               17401	               15667	             30422.3	             15813.7	             5091.88
       82   4.24231e+06    01mo19d02h25min08s	             16708.2	             17403.7	             15686.5	             30454.1	             15831.5	             5103.86
       83   4.79613e+06    01mo25d12h15min26s	             16639.7	             17425.7	             15637.7	             30353.3	             15856.7	             5109.45
       84   5.41418e+06    02mo02d15h56min23s	             16721.2	             17422.5	             15691.1	             30408.3	             15845.1	             5109.11
       85   6.10302e+06    02mo10d15h17min01s	             16747.1	             17368.3	               15755	               30448	             15888.7	             5095.23
       86   6.86976e+06    02mo19d12h15min55s	             16740.1	             17400.4	             15729.1	             30469.1	             15852.8	             5102.52
       87   7.72212e+06    02mo29d09h02min---	             16690.9	             17354.8	             15718.6	               30367	             15828.9	             5106.19
       88   8.66851e+06    03mo10d07h55min12s	             16699.7	             17393.6	             15778.2	             30405.2	             15843.9	             5104.68
       89   9.71804e+06    03mo22d11h27min21s	             16700.7	             17408.4	             15727.8	             30410.5	             15838.8	             5105.73
       90   1.08806e+07    04mo05d22h23min01s	             16744.5	             17393.8	             15788.4	               30433	             15829.9	             5105.57
       91   1.21668e+07    04mo20d19h40min21s	             16728.4	             17380.9	             15793.9	             30449.5	             15827.6	             5091.26
       92   1.35883e+07    05mo07d06h32min06s	             16738.4	             17367.7	             15791.9	             30369.1	             15871.2	             5091.76
       93   1.51576e+07    05mo25d10h26min35s	             16681.3	               17372	             15796.3	             30396.4	             15849.1	             5109.98
       94   1.68881e+07    06mo15d11h08min48s	             16718.7	             17407.5	             15782.4	             30371.6	             15842.3	             5117.08
       95   1.87945e+07    07mo07d12h41min31s	             16731.3	             17390.3	             15740.9	             30418.1	             15838.4	              5096.1
       96   2.11389e+07    08mo04d15h54min49s	             16725.7	             17409.3	             15781.8	             30475.3	               15829	             5104.13
       97   2.44235e+07    09mo12d16h18min42s	             16708.7	             17396.8	             15777.2	             30449.3	             15861.3	             5103.62
       98   2.90255e+07    11mo05d22h37min59s	             16732.8	             17392.1	             15816.8	             30433.5	             15866.9	             5091.42
       99   3.54731e+07  1y01mo20d13h38min---	             16721.9	             17384.9	             15823.4	             30380.6	             15852.3	             5091.64

